10851844
10883418
10890261
10994537
10994829
11069440
11078178
11141164
7722194
11210398
11216183
11332259
11334062
11361049
11426073
11531805
11549099
11552202
11572503
11605310
11718495
11724078
11763808
11816871
11823753
11823754
11837383
11865964
11936567
11936572
11953660
11956673
11957745
7836549
11966676
11971236
12004838
12009003
12014354
12051573
7857345
12095536
12125178
12162471
12165187
12171043
12362927
12371301
12387000
12389073
7859239
12389876
12426769
12463728
12492049
12520629
12551706
12578152
12611197
7899788
12611563
12634980
12638394
12638395
12653694
12723461
12743672
12807517
12811362
8321071
12830268
12860494
12920426
12936879
14517193
14518700
14531370
14533574
14558393
14574774
692645
8520091
14576716
14606933
14616409
14672861
14675888
14679681
14684645
14734983
14749688
14973309
8592993
14980003
15011605
15017321
15033405
15132100
15145962
15206993
15211967
8617704
15311686
15341178
15346578
15449971
15456329
15477727
15488686
15497788
15561855
8700059
15570603
15621963
15635342
15635366
8707145
15682573
15823765
15831778
15832116
15889002
8713690
15915310
15951007
15980352
15991880
15999499
16035690
16043212
16048029
8851570
16076481
16158798
16164493
16181450
16190498
16192747
16199918
16239022
16265911
16268317
8857072
16288258
16291710
16291715
16305298
16306299
16326816
16337049
16357446
8857073
16365957
16425970
16428030
16520665
16569183
16610971
8881693
16613116
16638738
16699355
16772772
16773618
16814135
16850557
16855078
2248078
8888098
16856145
16871472
16905501
16905502
16945054
16988203
16988211
8901078
16989032
17023070
17101740
17112309
17146730
17212251
17215845
17253883
8930779
17269895
17296276
17322161
17328583
17346019
17368832
17389552
17389557
17463218
17468508
9022564
17495279
17530235
17542349
17545920
17612708
17617289
17640157
17656620
17688173
9049582
17691921
17875111
17906915
17916059
17919554
17955954
17958008
17966839
17967158
17971226
18007569
18035186
18042475
18074531
18074548
18084364
18162024
18176118
18272698
18285619
18363537
18363644
18380391
18382075
9129556
18438069
18484490
18552451
18589558
18663908
18717508
18721117
18768996
18793575
18793577
9129557
18926963
18927522
18955941
18998611
19014837
19014838
19026256
19048359
19052281
9144013
19058474
19075045
19126824
19133704
19167586
19188677
19206053
19222985
19243207
2489809
9155792
19253346
19255348
19281729
19293342
19328861
19373300
19398716
19446149
19458055
19473600
9160173
19476741
19480806
19553405
19572422
19585717
19591515
19601724
19617468
19637955
19646718
19663519
19667002
19728565
19766437
19779132
19823793
19881206
19922894
9205821
19925488
19948946
20001610
20014671
20028328
20029019
20040339
20044363
20053516
20065263
9211455
20081065
20110012
20137764
20137768
20197487
20374180
20400647
20432867
20457501
20457591
9220063
20481649
20484610
20509982
20512335
20520305
20529767
20534818
20584229
20628041
20630973
9274239
20642557
20652662
20653361
20694287
20852003
20864621
20869315
20926751
20928982
20959524
20970282
20980999
21038340
21085830
21085831
21098692
21120480
21124269
21125816
21142260
9333047
21147941
21162177
21163558
21185864
21194458
21235125
21248612
21254874
21257798
21268318
21298205
21301274
21359645
21422239
21432599
21443600
21453201
21474406
2642594
21501216
21508758
21515596
21517925
21532276
21535728
21544521
21545633
21548660
21610201
9503566
21628600
21682192
21691746
21704240
21704241
21705359
21715058
21720234
21721019
21733905
9505992
21803422
21812328
21816140
21819160
21819239
21831129
21852006
21856591
21909143
21910510
9527781
21936891
22016977
22020317
22031686
22057852
22058101
22122815
22124880
22129380
22129569
22133697
22137030
22139686
22149151
22206795
22216470
22217686
22231999
22265646
9545149
22294059
22309265
22324070
22349808
22365344
22390368
22420652
22456294
22456303
22465646
9550749
22473649
22480286
22495943
22499231
22514335
22528540
22530414
22615291
22644797
22648492
9555148
22650326
22669570
22697192
22717215
22717418
22735461
22759078
22769968
22773284
9555149
22788578
22818558
22834058
22856466
22866966
22875751
22931521
22932947
9578193
22937625
22940371
22943121
22943633
22950522
22951237
22951238
22951239
22951241
22951980
3640717
9604126
22956350
22998389
23010558
23027198
23097095
23102570
23104241
23117668
23165864
23184666
9611659
23184849
23188923
23230999
23256289
23297175
23331476
23362039
23373097
23399607
23419230
9620100
23458226
23466967
23478684
23495418
23497763
23529727
23550054
23550055
9650536
23588433
23636154
23757819
23789936
23849436
24003187
24003188
24021514
24048240
9663198
9663817
9725481
9784932
9786475
9793622
6282186
9796864
9808916
9829163
9833595
9845494
9875172
9882026
9884817
9918208
10048159
6752254
10192596
10206085
10354963
10391425
10423213
10423596
10431417
10440622
10471981
10496300
7560252
10507245
10583024
10594469
10610011
10718785
10721388
10732665
10740993
10741622
10809344
7841
7722187
11054613
11135611
11142666
11150014
11334060
11366377
11396348
7769577
11417077
11476118
11478464
11525609
11603643
7776769
11693087
11694644
11723297
11757132
11796879
7790687
11936569
11959071
11962300
12001345
12064015
12085854
12410622
12603801
12648026
15100064
15291376
15475676
15635346
15635347
15635350
15640499
15645735
15658338
15658352
15658353
15658363
15658364
15776510
15898148
15954427
16325363
16358638
16505889
16512094
16541172
16562361
16758223
16815131
16863458
16900909
16903052
17126626
17245831
17499891
17880476
9062853
18042957
18069906
9062858
18174962
18237050
18407914
18951015
19178019
19627745
9162174
19843830
9290996
21155809
9386217
21355446
9475824
22108488
9533066
22772334
22829430
22893357
23456771
23466046
24036846
