20835787
5473001
8823491
27474768
24939667
10418594
5119722
159396
21181066
25611266
19991284
7444898
17494399
13212529
12864494
28401353
8563379
3593688
7107522
10987031
12764790
11270103
15945236
3196185
16342992
8128093
26131773
2186833
19660598
28737180
17365248
25692771
1814174
8413637
21271636
22028053
3612846
10911731
15252840
19680898
9622195
11756489
25621118
10444780
5240193
14249040
24552827
13190922
4031571
28925490
12424072
1749745
19351464
1562834
7249551
20464587
18288659
3596577
23664609
27006063
28700188
5885201
20448521
5615129
22537962
27092818
19205006
22863264
7341384
24193423
28290231
18859141
28692985
14314825
26693202
4850712
15746694
20837566
2078452
14880376
518705
5198651
6529387
12505760
7078687
23976316
25233500
28262819
14984921
23139410
16799899
9430422
23975755
28919037
3293351
19057792
11610248
26643768
21603899
4331713
756499
4524346
14359665
1992265
25401193
16394907
2811781
26229621
13451633
12205198
20960175
18378566
18590769
25353001
24048604
13283766
20240000
9322049
28394346
17136212
1891054
15737624
9552122
8768633
27011197
10324722
16074843
20696650
19735583
10609855
19285442
9352343
8235899
25015036
19248229
26540186
11346911
24277383
6012681
25287252
11247992
17680843
7239558
25545991
11653790
23478303
17894662
22957803
14958521
17021436
17846111
16268604
29396667
13711127
16327872
23282657
2036717
16411712
11959160
6288696
26988439
25560064
7321098
17449211
22261766
4123437
3456647
14883722
15943164
2844220
20537372
3132745
16952067
316778
13797555
28620315
9913182
22556095
5426562
2827110
5887718
5410079
18374027
4620443
484266
17130349
21917642
11773351
14666511
11370144
19744567
15501920
3992331
21864682
13433022
3762926
27265306
22817799
5894643
9711756
12443793
20942807
19428897
12785171
21203976
9016275
16996997
18428080
22438790
27894763
27042849
6722693
2857361
3333524
15023404
15313049
3325430
16388076
27579919
23560618
14244773
3110098
24442162
17624549
18279346
28687683
582506
20220228
17475379
18920363
21142530
4579382
22832303
20171018
1913685
5134716
22207689
4070970
405660
14782841
6944928
18172485
29295310
11719439
28438541
10287496
4437645
8749196
23680157
6605304
5783651
7372709
25176576
25172190
22490545
22526147
14419960
23764227
28393012
20869589
9704306
8120247
6447297
27059135
21368199
1277811
19429506
15627710
28302317
27846974
19276920
24096637
6697550
19837921
21822589
23580002
7877090
23599523
6653008
79749
11740093
4219538
22063705
6933167
28173589
16828035
3894012
4434575
26774948
16427609
28133535
5971550
12928857
1496147
11837023
15424989
17616331
576503
5103405
22509416
21004271
8476887
18237138
6567582
13074933
12181871
16810882
24334889
11322006
26371235
18745648
26092160
17874277
1770914
28879486
5797265
11963304
26416884
8649499
3011717
5454170
8440340
1884186
16905421
23712152
17423694
25356626
25542181
21429592
3113895
805841
8858620
19580367
26095088
9623072
930834
5999658
3501546
3753202
3404015
8067367
12238999
865023
16212246
12012844
7544591
28521030
28881227
22875926
26397687
26179128
1280245
21261252
3349094
609732
10618970
13763525
20964732
5802311
5378771
1907421
13756245
9696847
23680298
17112846
11388538
3781940
22752523
22303811
16792647
15320576
15739599
13493087
1176930
6054087
2080937
26259864
6361610
14668618
28306868
6868455
29526918
17004601
23119133
13159609
28709718
712806
12117968
8341726
11277445
10469803
690278
20465223
11394890
26742522
24005617
13656303
12719166
22962439
13636692
5645744
2329595
28463447
26291910
4383348
16199599
17321538
23414112
10909147
28051223
4450658
22391664
6076006
15326503
18976433
28301906
11828809
2523812
28482117
26791226
12531870
6809136
6560839
19635079
25725934
15296668
26501016
7999374
8517281
2856389
25919405
27043577
15689460
14078196
7407389
10126289
13064207
27175491
14686797
6045149
27914074
7807811
4104156
7794975
585239
2368578
12176688
14703015
936759
20965338
20070878
12332575
22900038
3138131
10974038
16949480
14475784
25687939
2875703
3844516
28236866
20069676
1392735
2974021
14701238
12472133
23862069
2400455
15778852
13635283
8514424
28813248
8205550
7457099
28826714
9797279
26924808
22157574
17018304
12436366
19027401
16033137
20075327
10183451
9666672
7121695
17423716
7570508
28548369
23216920
25478916
5496290
23711310
17229231
60722
9998953
3890593
25454251
19282141
20234437
27072433
18675801
8651371
144598
3156430
9074710
21722003
594343
26582321
20114964
2920760
4746183
21412823
3254861
2675055
2372376
11334853
11774289
5227836
4054
11648541
12140121
15946570
21040546
16216426
7378668
10314891
13039423
13016804
4910003
29411574
21623635
1433417
20316569
19400006
11247260
12856155
20649048
18733419
8977969
24931680
13063210
3949055
6774533
7208325
16230478
5569408
26847934
17671223
28834109
9631364
27496395
782677
16740148
15413597
24750390
22349495
7604117
19195524
12219465
320714
8234615
7165864
12617579
3364281
13695610
26184425
8343442
17929999
20288062
24313544
18049669
14350060
5398412
14378263
4150455
14926657
506940
13724091
23966200
22370644
25338685
15912522
6041377
15493699
3088927
28116023
5217858
23399383
748679
26293551
12909423
17710418
5355553
10152446
27458727
901442
24062321
10651798
10535961
29346040
28379247
2415301
21720614
28389048
12010543
22086098
10555285
4403
15173602
9543650
20874154
2234278
21231130
27441276
13545781
8129901
25581781
26348568
18300559
24542946
27446764
23702482
10366527
7216978
10721428
3511092
21276679
20596752
25423485
9757568
18966745
10173227
1409281
2409547
26089740
5328017
19797924
5431763
9806745
10498035
17926425
27680386
982285
163238
27874870
4886205
6081010
1213625
15815113
4933823
5256545
3593800
12140155
668347
7667987
16884100
22396027
3733842
14567759
21657723
6989764
11241398
4398297
6665777
9991283
20817956
20988200
8891650
27971903
13401778
5775266
2261560
20930020
21840842
22480960
27057247
27533779
14841026
7009541
24259918
18743112
24215357
12226525
4763803
14618480
15791520
26772268
18123257
1570639
9554613
19549177
12500410
9231295
12889060
9523470
24595848
22762646
18663580
25325951
22879033
24851043
5130642
29141094
24069673
3848047
12651442
16320667
27108119
11012702
21732500
28916192
23347532
5066566
7489582
8750352
5680854
24721543
16392873
5295048
6207761
1830273
12712672
24921784
25385159
15419678
17265404
130210
24115117
2770470
11794315
9222811
17301464
19404332
11207579
6853892
6868727
18573633
5253608
4125512
25249052
22608191
25079814
26778096
29615916
8309860
11000348
2946731
19769869
28178320
27719639
27849160
