19939723
2955846
3162606
21976418
1439227
12211458
21467876
26248644
14556700
291664
4787528
21469317
686950
11904843
11645240
6085343
12274456
679566
624716
26342567
8582667
25191183
16506044
22922725
17274249
15042052
1455589
5029957
27977661
15160403
21449217
4527
6658861
1188088
5975858
15365556
11262303
9737642
21191822
13911708
13492204
2812279
25692991
3956667
12020609
27095824
22372866
18222141
6101824
27471444
8972919
17746275
14847277
13212442
3127176
16223301
23321628
27604917
20785189
10841166
26493411
26763365
21222549
5104143
13761386
15604074
1813930
3752449
7649450
22297309
25338762
2837490
9088474
22278596
1377188
8217622
3257255
20515195
16447333
25874616
16086189
9661040
7436966
7985851
23460411
25334119
2709182
4718358
28722954
31676
13830208
12930780
2108786
3385458
20910385
19891552
13010240
2566547
3898761
27525571
29022410
10391150
27151756
25228401
5493092
25138090
28812221
24056568
14951024
19716062
2647544
7176561
8059235
377563
14240969
26166715
15748970
27925867
18211307
11966587
8241097
4547835
7781528
245719
6990446
24896615
23837610
25035244
17162169
26564017
13060507
27342283
11392005
27555129
1645344
29141630
2159694
4629811
2959557
19294343
5070933
21721548
23509540
4365739
26533796
18306864
10989716
4880228
25053509
4600856
1574174
1549542
24585984
8300280
20201497
4120290
23322874
10455471
10305270
25339946
19168477
19369010
28187829
24907217
25415273
19988414
8406260
11590587
15227228
5456888
11691149
1265746
15720694
5173459
7761668
16816656
12133925
19523978
28272963
21189739
17570739
2887090
27730849
26332952
27669352
27150128
21270517
20173810
14802904
1914078
10616811
28169829
7934256
21166101
22081561
13611527
2720758
21740826
4708476
16932218
589404
26035745
13359867
28569164
6420728
9441734
19544104
15787402
5460802
27466169
6239098
12430720
24390735
18675388
28344865
11744408
7266803
19401031
18367187
5282148
19731503
12566823
9246501
8137756
18700173
4524972
23817502
28631191
18227250
11082401
6279671
23372317
28808142
16857024
11162265
13512330
11204756
18464987
16132388
11288434
864058
12501032
9844354
17350791
20114324
21904359
14147345
1013262
8123017
12363453
2889956
21000975
12515146
16299249
13140803
3039522
10618897
18374864
2160273
1524749
6040830
17543135
5967595
639418
23490060
26798811
27484001
15265659
14766828
12614020
12914745
81334
22780938
7640994
22183683
18982058
23906732
884408
21543148
28927837
28248629
4185408
3419469
21548392
26401936
21324466
18428555
359432
8062381
28159880
15211200
16001655
25515899
22625824
16511341
11076158
19392646
17215536
17539728
8718903
9093435
1213743
14356136
12416767
5072136
24776785
3355201
10894939
3358279
7861654
2029252
20559638
2837617
21401142
26794516
17472193
2157919
3774642
21916972
17978191
17542278
9715264
11764306
21031195
24174125
27520207
248412
11122613
6239036
25999118
12842723
15885365
2286584
10383279
7789672
9657729
21085479
8598956
15115075
27418797
20341171
15829508
12573221
13546987
14926894
14921360
24545526
11160643
14577430
11300747
4856389
19943270
19711816
11642817
27932240
8297113
18189856
1720684
17280430
14836346
27943311
10100619
1949045
28067070
4100226
9729050
7131799
6992193
5220272
21761344
12129351
15449721
14145414
28462672
18623928
429888
11423746
21217455
27559047
22349048
26475285
25984384
13105181
15756754
27107153
5944072
16796350
13664805
21615976
10206086
19376936
21855408
21511619
20216086
25909074
8440260
8158790
15935856
25893397
23909570
12117106
26324781
12264025
1280980
13508440
23544382
4329711
21560259
11946392
7980095
25782387
21628982
21388913
19503433
18228320
12533721
12264512
10649495
19026616
3617423
23818518
8818219
26989867
23519059
21705761
5004260
22554319
26266671
10502542
6175025
8446643
24816223
7401946
9480417
13579324
6476741
15292636
3547988
23758916
13346640
8178232
10778980
1912784
4691774
4627135
18558372
18278471
8271637
11052855
19389411
5703469
18237370
9339670
19346517
3620507
19942523
27961047
18642676
20774852
9623520
1693595
19971278
7455242
11347421
24280436
26800197
7359109
6010022
27737444
25679847
4006485
21863736
19607906
20057778
26060256
3943451
4796152
19935828
22739444
1766431
26084021
19624955
4247767
698355
9971299
13741002
13629982
1335897
20800231
6301270
25770302
22238453
21931816
18396414
24938551
26520915
12776897
639279
24409227
24361474
19747222
12458220
28626099
20514942
19557420
19409492
12248695
3217864
21093745
7500797
22641987
23145795
22545417
19840701
14027837
27461097
2550320
12503422
20384366
15172811
13448173
18465238
26245680
23327562
24265608
24763229
3528437
3209178
17194166
13947706
16686482
26754554
8092564
24960311
12076559
9596976
6451625
28036930
27497338
4011078
10161213
19244873
398895
19607950
22114954
5740448
14960520
7178231
10557759
1958076
13482058
20340931
22877532
24130825
12394143
27448951
24098020
19931910
16763338
21921695
4041670
4084830
6294153
14899464
28501234
27025851
18673983
8738997
13700311
15905327
28941174
16753073
9002752
29013315
6072073
128405
28583010
28154152
6770975
23163371
9632687
3740456
20961608
26005823
16235288
9482031
7780165
1919577
6045873
9118566
11690039
22252958
19371271
29034240
17003567
10326198
18950492
25632920
9961386
14806090
15938741
9024768
19095885
219316
9118504
318705
7095262
471840
5714705
22203656
438058
1611205
17844159
25134449
8457486
1771173
19254147
20756392
10500192
24291643
17659675
12056274
21494393
10045008
25802917
27293787
9053503
10851306
14953380
27387664
12921314
23860571
19110711
16862991
10783846
13267356
27345596
12560248
25953022
2630198
2645824
22763960
16609352
14410197
9821841
10496229
22280122
6515917
4814507
22108291
23407830
7440725
18757091
18222663
14791288
15297793
7141570
7636757
29051670
8782100
10311634
15986261
24584542
28931139
9025402
257515
27275181
1800726
13307922
15022533
15881249
22459161
14619018
4600431
22889408
1525730
18687729
6293585
18907838
21853524
25349773
23037546
28161526
21046242
28256058
26378657
1352077
28786534
24495565
21420812
17299204
6125476
7047759
23600964
11140226
18063542
18412183
4034702
11930175
26207178
23669027
5683823
29057430
10896065
478576
24330641
27885489
7501669
23050681
28955285
21366333
16537484
1933576
15609593
21884523
1066518
11811473
966497
17210176
22402072
28831706
11104021
27613013
19034424
2993016
2204925
20586436
6844354
15484795
2614473
22267218
16745745
7510242
26516044
7148578
17156872
1261858
26121988
29101662
8706582
10344261
27456552
22710035
27765352
23962703
10250737
20798541
23245028
15363368
3905841
3800214
3000738
27618923
21333921
20854507
1660864
175143
2571418
27535624
15072773
26578956
9075610
20128481
23776047
6009411
14045319
16134191
28755067
9680575
14633345
20671708
23330166
14954891
4282722
3686215
19526514
5586652
13056635
10804373
11788092
2996637
15422008
5197450
2257334
10594378
19238800
4219465
4881374
28283520
25051829
18844592
12044713
21561756
2245267
7694441
22619492
3298484
16412198
2943886
1391461
9245258
21604294
2660236
9706770
13198178
21985836
6311243
21291769
28945659
10883748
6508744
4950531
21695414
19254572
26250212
6549812
29349972
22116032
4991833
8794036
15407039
16061722
16980960
15128095
5697465
16648012
3421505
13928487
15408946
18247388
26614733
26691631
105835
17840409
27957051
16210488
20912684
7694761
19942557
14377834
29033011
14553306
1146211
9759976
28603577
28780634
14791769
15992012
1359106
17658626
18949168
4334631
23589226
29367852
11348450
2107341
11378197
12235279
13212775
21304140
26168729
4821116
19262395
7208755
4076169
3326196
11351862
26057588
29217914
23470920
7807545
18546401
18521865
13732735
6263380
24731575
18438791
11722347
1329008
7006074
14002048
1119605
21935025
24543836
4161815
17815509
8932875
11501251
23058784
3079854
7915724
19559816
12591189
2431751
16258568
3225789
14569294
13365272
6049326
17188475
483281
26683140
29031238
2823777
25325836
6803741
16104454
585270
16366564
12089158
5071623
24042899
7729245
6158664
24629532
20913866
3316245
6999105
27589134
25529521
24570246
9466008
13528207
21866608
20111428
24326485
23888455
4088099
11137266
21596882
1166742
8059224
9519790
3684229
1851411
3678293
12116986
6516872
10144734
23253577
1670128
5176363
21768340
3067037
13523317
22113803
7150925
26689315
11176124
24847379
10190582
16121334
13443756
12624641
12834652
2315056
696312
20478286
22472961
1101825
7028101
28730253
12269142
23948805
1765062
19792143
17110871
9556602
29216788
18279900
4923866
10358230
16375470
20972599
8396506
27686507
20447600
7308067
11644716
26402584
15472409
22482517
14285089
20083692
23699653
11429665
18488172
16536523
5174624
21211406
16382264
21600136
25188202
8977539
21257167
23368696
16186204
896892
17933160
22533059
1456446
28038998
7867896
25142230
19584400
5995092
15519535
27796604
11261527
13046791
10599198
27818737
3968237
22646377
8431743
16011276
8856599
15002701
4699722
26895078
20965733
8803291
22807560
12482558
15613856
2150969
2834888
13744848
17176902
16996154
306646
26038739
12729341
1971461
10602123
20201876
24620063
2462480
13000814
24782205
27724959
6733273
7008529
4766978
16643389
1328819
24151504
8320595
23532117
14432391
15686567
12969530
20746036
18551160
12194564
11540541
17081753
25214787
13035203
8850962
713143
26790142
23945566
23789087
10932160
29244641
7975284
18899818
13059109
22280145
20038399
20378117
8804458
571674
28613219
17450280
11345147
7647978
13349736
14502605
16066469
27495090
28623180
14433103
27623417
20305256
9948924
7165690
10155871
13777998
2090687
25984430
13875939
14729117
9839591
9722497
29282101
9371437
20082507
12266925
10539515
13221712
20224160
18239087
13679771
26232321
7809987
22991342
28395596
464
24860660
25425152
11405913
6766789
4036295
883272
5893527
18781918
7396929
4861067
26134104
4013974
25789328
5000851
19661495
2093106
20001005
13575028
15796267
4147069
22524416
29266020
21314114
4946121
24270793
14910301
1385857
11064337
29101359
18299800
28944583
11255612
9918030
26382704
2924624
25442082
14635012
29180502
21062501
6451472
5525217
20647121
1571352
17902523
23646907
26972858
23146410
4620906
843666
24975789
9181691
13145624
5139310
23087437
6228710
13469272
23677740
17593110
21062297
21785759
22558596
8459014
224595
18658933
23293394
12565576
1307426
22171576
22261918
23031474
23431552
22168281
13067970
24074779
17778259
28684267
1755
5242542
21570645
24385828
15882807
16299930
8308223
24880324
394796
24284268
2449001
7996077
6644304
20626401
6015116
9242682
4598756
18183659
1556167
11933875
8869431
22537093
19322426
18503076
3845749
1171642
1491008
22321970
24281808
11028993
26014763
13241659
9562240
19648723
10193958
14027905
19488161
1571111
3880156
16600259
23986098
19147340
3608987
2879068
20640655
26571256
1507448
9628181
21095115
12465769
26038454
22412813
22686289
29095218
18757734
15502110
19163019
23021883
21443590
11698011
6244138
3017994
21768327
8146653
25237451
19919086
9652559
12267867
13167590
28593642
5377781
15294269
26023339
21935821
3953750
6355843
6223812
7327309
9733165
10546398
13933801
10697177
1448667
27309619
2179205
21669166
13076102
18549811
19731498
3567704
9107609
15352391
1122447
22285800
14413171
752475
2899773
23583354
13805977
18637055
99967
20236496
9493778
3168627
10745547
21877263
23607627
17867426
19252207
17518618
8637708
2969918
14647608
19188306
21551416
24164624
13818642
400569
9387024
24323245
1800783
23547660
14200307
13821963
28823881
23655117
16982980
1974648
8205038
794680
17821746
18995316
6265038
22409330
21701225
11616000
16418037
10985601
25518488
10315480
8078827
22769819
28453802
17537447
10547419
13005094
22450681
2676739
18448804
11354039
8279476
3355573
14388285
28278760
16790997
28159179
24508490
17584007
17346340
27976055
23267000
15160108
29049507
28830435
3051269
3940813
29067352
22290290
18121318
29055056
22670575
16076397
18320676
12849322
23851652
26373751
25769030
1397321
1723586
9286421
21608897
13305015
28059885
2307478
2333841
17353598
14990286
19706744
26823638
11108091
2426059
22343562
9410216
5178275
18412166
22150511
21059079
11534588
16448009
29055749
24464969
26028726
22673370
10180759
20219417
10353068
9385588
9900177
2101706
5510042
5653556
21915300
25431761
23293084
24884430
18428791
24163055
19891141
4548914
3747642
12960404
3837384
2065005
20034363
2202787
14831131
11631283
6977348
27033148
15786930
26326984
1963420
16547079
4214314
22723968
5173634
17201223
1240029
17327444
5084096
25332702
16693395
8248758
9538095
2960494
20632562
15976956
8595577
29335201
10113765
2826369
2239217
11857729
19532026
16863534
665906
9606922
20586838
21479622
22936801
4422452
337372
20314265
7583154
7380001
24575506
15511830
27043114
16831925
2443884
25467032
13615481
17722581
9506038
29125533
20566573
15657005
17198799
7637748
3337306
8619525
2146149
1240747
4975826
24774188
28851237
12214770
27608124
10831450
5498233
8656130
12723882
747744
14008501
20959809
10106965
15894676
25272668
5745388
29353478
12123300
25773009
11052863
19712025
6948283
23834518
23515039
2324988
17539600
3736272
6460448
20379220
16846872
6093905
22208061
8487743
8467092
3805529
2051635
20628440
20136271
9642300
18554610
27070808
24868508
17474139
19411460
11337626
7375110
10831681
19801510
23998457
15783803
8839632
1155944
6342204
25657281
25031153
19520146
15828622
19981550
15513602
25863107
11345642
10293927
25175673
13990768
28209048
18954596
27134015
20553589
27717528
8600849
27642982
11350927
9558768
24615764
5022378
3115099
27893879
23044601
17355375
19924633
22912110
11485903
24941649
14928468
10265839
9465015
23489544
16282846
17499533
23945282
6282025
28507739
22287538
3442174
24573238
7292291
2800722
12228079
5118219
26138083
3948872
19964293
11144954
24285682
4229389
23445418
11694612
13430263
24857808
7111836
24380813
19687137
23989119
6312951
22112618
7496266
22898660
21237556
11104583
12473880
5007509
10606997
22328551
13103780
19309360
21809786
1554319
21998899
16936716
2830136
10560365
7882692
24871769
14578409
7198249
15301116
22600586
15451394
5809489
10351633
10825700
3418426
17827377
25516890
14294185
6772532
11022939
26427637
25109112
1834468
9791297
249088
21207215
12755374
20073942
20712681
1307158
2770453
27145273
24487763
16535894
11825186
6884878
21753984
26258420
957378
20017645
29241270
18208918
1875718
16202690
11142477
15387866
11056435
23852353
13902127
20396275
7825563
25782981
24172320
5132898
24948170
20700588
20369057
5953705
24423829
27162125
28032163
17614706
29248158
7938124
13389721
27882486
28895202
5735269
12951832
15728866
21106435
10374560
18723303
18074080
20052833
8692511
5829286
14431263
12004894
18793328
19476433
28272100
9586495
10330539
26359200
19627652
3667668
9824035
7448617
846148
11732617
23640098
21815054
9983399
7691873
17508260
1075113
8913164
9463255
27542196
20153116
2941011
15845647
11718787
9817626
20825091
25476326
24820226
12200997
20874191
9285967
9352326
6898521
25070273
28355300
25042499
555313
2894985
22175584
24808458
26549607
18513908
2286278
22471007
11882137
4439598
9106169
2664140
6119155
20180736
29224542
23000467
4780451
25235609
14689313
1262510
14943092
11694966
14620802
1327759
24268708
16433455
20873693
2237298
10265056
11921644
9846274
13134732
28393311
15283452
17692613
9980451
16024478
18319763
5214442
15171861
8127295
20685405
61669
8569187
8227090
20861248
242895
4242850
9680036
10197400
6386229
16830061
13815226
1373031
16008509
4067521
22808434
6084233
21823172
27446076
5579782
18449408
5505279
20817664
22383199
12807649
2134611
14214110
876503
20943691
9767977
12679799
27784664
26128201
11619998
16331783
4930975
25367214
7232268
8762796
28245202
21111825
10293050
2862786
16226976
26882630
17658330
2928793
15523481
25714198
18365107
6516543
3578841
7342235
23196663
27044598
660797
29265154
19373049
8026459
5515767
24135120
19264170
20765423
12387993
23054252
4363143
20901838
9376582
23849127
14068592
5153211
8052355
18090985
10868641
16103214
3299187
3665300
415604
8706024
26252200
26835160
11483190
19721566
17142978
11140029
27065056
16996653
10525079
27289468
21901809
13408794
18745404
10168885
29179897
27881704
16189707
19340651
12932609
876960
6599558
28352728
27386
27634923
9036146
28778243
28016585
20713587
21795847
14028580
26891266
17054622
17689842
15035308
21313492
15867360
24675350
4246023
6025260
1166669
18618443
26867984
7537769
25691497
10789682
2350023
25475268
11460122
20207587
18727507
25386470
23542866
4777240
19821337
17450839
4030762
250002
20304000
17266510
18940084
9829976
4682966
18948909
4353498
22470634
11410340
20450089
25784768
25622856
5414705
3834377
7354987
14389124
8173030
7500777
25226522
11101814
13455204
29172540
20422341
15612696
4197096
21496276
28527574
10596637
11634016
18524094
10939090
15129100
12134897
11242670
17192563
12947854
20473247
10438587
27828879
21869484
24027967
7419628
25787175
7900328
12795458
1228417
17063447
6136109
325323
24130671
8422005
13300262
4383075
20266477
17158602
6493795
14733760
27555510
11201628
1239573
16662349
28367525
20359322
17996011
7498878
3028759
17969885
20990735
25352948
20854617
9012380
6363619
9898912
21614774
25692737
15893587
6275000
19012569
1457562
19765813
24659622
24203623
10601104
23891821
21250755
11800674
15092968
22175933
4711191
12978766
23758517
17619309
361299
24326576
26172551
22693865
12319202
11250923
18314343
2039409
14839298
12642972
24202960
8748927
10172632
25555923
10006838
3820531
21930028
10615426
26707189
2166525
15380652
21191676
6736730
25808712
16270108
6220919
2407413
21052876
1767137
6899558
11544944
13408493
9426379
20286337
23454556
13290401
27912582
10496835
13582005
5710861
599278
12348442
4770158
24096831
7262119
28463045
24039125
16998250
18474128
10639026
20582238
3080689
25598714
15232025
15900404
4294054
29319073
14974816
1110373
18983283
13494135
18984816
10824880
13570091
17306383
20077412
18721938
16175485
29279782
10998909
4610213
29061404
1297915
22614433
21671769
13176428
5246242
11116585
17727077
18164757
23051663
5450062
1791462
6055098
13870344
22451513
637711
3966615
8533592
5354317
15878094
868028
6262641
10028844
1953159
11702807
21949189
2092192
15324833
26557377
25194827
5594599
13372784
26661003
26213115
17832547
20847918
13728271
18331698
6642512
24675387
23902913
5562771
7642824
21704651
19025380
28834300
20754294
18014475
25686656
20388384
27291067
18150064
27500510
26044318
22006533
25261955
29062764
12078490
10852900
6502284
2819458
24416684
16355276
21607110
14484660
19823978
13565583
20705585
12087424
6307033
13464761
22136646
25478545
25512865
17265806
10168203
662415
7712525
14121881
15308701
6141670
3179701
12740337
1983228
9845671
24329147
24430909
3126932
5416734
22861989
24428257
15984360
2375828
1188203
28799097
10385300
27059552
15368595
6999988
22905570
29124223
2328839
12841083
13443969
13296041
9990585
16064194
24852271
21602289
10791617
7902878
12049904
4978733
6923004
3860105
12426815
21776516
25359102
1269136
5432518
27953111
11891890
15567118
18658726
16404774
2805080
19497116
7077758
13622190
10010620
18192127
3569798
24026705
4691027
20733363
10257537
17464329
5428253
6143112
24908677
17121371
16203340
22553466
5805357
22370083
19867718
25687277
13475320
3278281
12812966
1235728
17653762
12474800
2252310
27457451
8568022
9052485
25925268
1331287
14617413
29354645
4748218
17430429
27496747
4095590
25825551
21882357
21657847
10053250
26723835
28224860
26099830
5195503
3889158
21284410
7237778
25465745
3322385
13556693
14363690
4494085
16646184
25336216
18918666
7566798
12529952
20254623
12156615
18256483
8022531
13531832
23573096
5238349
20580452
19288928
4681497
19665746
11738648
1385746
7001459
5993793
7053468
28553491
20616801
21860016
8664019
28111525
17942430
11530340
5508226
6329866
20884397
23115280
28627315
1827408
22280339
20075021
24985091
10250507
17800648
10066781
9102231
26963838
16400492
13146419
19996740
1818610
24825380
9551567
2557776
16970224
26854016
14818062
4118224
11382321
8623378
9849979
18763819
24148213
4495917
28650621
6717980
24851439
5862962
88158
23192404
16704867
4648922
489846
15405213
713010
4168799
6590590
8023961
8015981
6932331
4485459
13170110
19931036
14518389
7567792
24914775
13258136
17341924
22089950
12616306
12671748
15393693
15889282
20051001
3539516
22150839
14924398
984428
14960089
29332433
12548958
1974379
20604355
25564645
1078218
14003383
11478675
28049578
1437851
25071558
25272885
11763125
13091164
9475279
28953261
9471178
17796159
7246586
6296037
14931385
917704
25368948
18663615
13097905
2390113
11178695
25910983
23765209
17522066
10627143
3208121
18364412
253075
6346466
18727038
22214211
27855520
10923999
9673803
1526536
12880317
19249304
3218991
3211420
21401722
10737364
1719163
7774228
4990830
8476406
3421570
20348262
9036758
16082214
370399
10577252
18074598
1429504
26925227
24326840
26858269
3738163
20915398
11438266
4674859
2062442
2357214
26215760
26141742
7248220
6665580
26913840
25310224
25490243
22197835
12305794
27618877
3513225
8274043
26598134
8897400
426946
25240845
29000157
15161030
6676677
20877242
10420225
24340484
26810897
15128407
21173364
17136150
12465930
16799732
15339104
15331561
1899422
22835382
18047142
16569609
6009806
28450943
9777670
18327946
16991852
16016066
3768900
15918666
9087309
25675492
1312486
22267871
56547
16187804
15549449
3645652
25208180
25757093
19360003
6588656
26932533
6020280
19658682
28305419
19581147
27280404
6256819
22450478
10926502
20241747
11606751
26550135
17215778
6094184
28553587
20267442
22798088
6209312
15962021
8305054
3401784
9262484
7937798
22028110
20993008
11924695
2008403
13627425
8604478
9422341
26105476
7869110
25416192
7938484
2708454
25524030
11584072
9546775
3445021
4945863
24445138
9697324
27633183
24061985
17725401
27212187
18594273
12165478
20509227
25245399
4688395
24170493
3761600
21154011
24381052
23219060
28110068
20289962
5993521
25003579
21794218
11433535
10247945
6080959
12682956
7733767
16506850
11862575
13674402
16844817
13886853
15262976
2522582
21499582
14254339
20693476
6117141
15362115
1918290
25258195
3254921
9449241
23131253
18270661
13037224
25716823
22127507
27084680
26459233
19366500
9326880
27209174
17611900
15282257
14706937
25862786
19235306
19820173
26545297
28864237
11821110
24967990
18342086
22443234
18233842
2834896
7011062
25726907
9728214
20549428
18496941
11499906
23814989
13666067
21105865
23655682
29165356
10143469
26563205
27549750
28645837
17961253
6130937
27376700
8324800
14434288
24986151
25490502
19476489
17540990
1030341
15182564
18661185
17297164
176362
29145168
19386325
27771035
7307194
10136888
15840797
22183132
7867125
24208518
12525149
19165379
8939198
16695493
14500151
17634647
4922623
9716483
13377154
8095227
25027909
2201382
28899673
21444597
6028929
3779242
893701
3165465
6101401
7814365
28979289
11134203
18994625
6026584
1611465
14913503
27813613
7198196
26341944
16150219
26641004
13738295
15230490
14190630
15554597
18568811
2860727
22802302
29140091
15494711
4473197
15322966
9816727
14398471
14059080
11904914
2281225
17250907
24868138
15084120
13110043
9834843
9123179
5766075
6991401
8327367
5461432
12038564
2273714
24020510
18104275
4533037
13381213
298094
25538457
28329172
428069
29288936
15628212
16470722
5117908
24353578
17740230
3963018
6787561
25350033
19952353
13011346
28111266
17883991
25088657
1169581
12095898
909196
9681942
17172002
11037236
11231932
16804793
16032837
27459098
6417615
6169187
13399483
12416150
653683
9499065
28378956
4927754
25642991
11052764
6395316
1798618
5175816
29326244
28951474
12963054
28597054
27432836
22609755
10354215
24459851
4547797
23397030
19193903
11052996
18825457
20416077
26853111
27466700
16658316
21360505
6529116
24602201
20456491
4469950
23543673
17567362
19004345
10766810
17668987
4449741
28866688
13796214
5286863
1945069
23799907
9797006
17939253
4749344
16099945
11175601
7280020
28661852
3397527
5124947
18933397
9931292
838604
1098386
6752858
6959229
5812527
17327736
29006240
24305074
27536841
21223500
22614468
8514803
14746625
5784374
707415
10134454
7232093
18814735
28913776
20293752
14724392
6146942
21724669
2696509
27716748
13740024
25851637
10044041
15107219
26618404
12096274
23738504
24603088
13284901
4706330
24536317
14294981
20552988
26301591
3605758
14431478
21080446
24894022
294838
18054379
21517363
28796465
18435170
8427877
10626170
26314440
3857078
19509355
25991533
16425867
7230099
14626523
10351031
22059250
23143692
11421682
20700746
11978094
19017358
29037163
12747690
18200363
8587700
5673613
2543483
24063391
25336394
19610755
7183769
15800539
18820673
24649455
10194786
26607508
9129466
17619067
9744876
2615954
16623621
20128610
21961864
26600241
24266874
24519153
16508862
16250896
5655037
16914650
21506845
17078108
2414880
175705
14180581
18634882
9643307
20217718
1103258
9332572
10349935
6619864
18838541
9309387
13399941
27846745
2517290
28182895
14609956
20902470
6060896
19772244
25631471
904525
8517758
3979261
11220840
1106940
13750816
3497413
15609912
21775835
22507923
23860239
15537456
13911213
4165291
4259251
9916115
7317446
6686479
2042139
24035863
14207409
10387054
15538909
26043257
381781
25017586
5858790
5054762
20420945
18598591
26214263
8887888
7774241
21051114
15809274
10729956
13694151
17226210
11884214
5407697
16301600
20965965
15942981
23562092
2456249
28583312
25377373
26247470
7112874
5023376
20765189
24205070
24482781
11465814
3405237
28643260
7926360
6501518
13153583
28012316
8382953
17582598
12303857
61858
9618622
16980746
18806104
7618914
20796932
19036937
13699079
20414671
14024765
5401272
12044211
24689211
7649001
9971085
1580177
26336281
2697652
9148014
20542037
6116755
23907497
6608702
28778507
19428604
10665596
28214036
12849498
15491594
25870612
14526770
6101255
3621770
24022510
4118609
23708610
4338937
11918481
25828795
29037897
13585989
17649556
4891198
1372633
17735525
7574701
10763302
13202088
5773147
12056144
4749200
12396622
13790285
5704971
3688101
9720051
869122
8391892
5954598
9230837
8308890
11463477
19067940
20265107
713197
3292286
14922014
27030251
25225228
7307225
19325281
20883132
24167697
20802542
398881
23194813
24164609
20011102
20897941
14571279
18079120
25912032
21082366
15211270
22506484
10261157
21036430
16084903
6836875
13381107
23851883
23044234
2572989
9654810
16978706
356582
13255288
4464588
543921
23297905
4271388
13797869
28901203
24035743
4203075
15408329
12812038
24309422
11454439
15096654
28607136
23808695
1974422
11975869
8640459
25772969
9028291
2648097
29116631
19217477
3675249
26227990
18189996
4283707
869941
16069092
14402350
15827800
19905219
27218599
8389443
6006920
25301931
5300131
21728537
7954115
11264974
24974249
21349741
17454972
5547908
26653177
5285092
5029338
21904819
5680616
4947665
5039648
16878728
17857960
17825035
6761357
8520158
4469035
16437776
19316627
12979667
22475119
29136877
12567083
18915170
12668688
1929828
27028456
21083885
20524074
18221237
29159691
27658485
3148715
16810922
17482593
18460306
28119604
15480580
9217200
25905872
17637246
20404268
3335259
14155573
5496046
3309632
7352497
23804127
14571671
16153472
14819055
3011505
7414715
27170719
20590277
20160439
12026781
26109205
15210968
2600185
23614002
2863172
2718170
2602684
23772934
13575102
5036600
3207967
26959013
23259707
6436708
25964511
11382742
20577396
5984303
25065271
21470894
12704658
29020210
26721100
14213722
1135106
11764793
4357749
27720159
14335031
5723689
15560193
11723896
1206665
19580686
28999783
12460775
4223242
26460263
11421357
1252227
7426794
11959126
25842655
18834433
5109762
6116323
26628660
18415378
19690027
8913903
27136650
13021101
26383236
7738950
3770813
8400576
9779987
2076157
18374193
14657016
19964040
6886602
28227469
23961522
24691958
12931160
9833528
22816174
1377364
17596310
17820457
4459415
19201494
23402474
15422267
28580044
14288447
28913582
838582
13387033
14149289
4393016
5461203
15412328
19488750
6695027
8561078
3074967
26480075
28959324
21945976
2208429
6037679
10759294
20992308
14627156
18840139
5557811
9167810
10391639
11187688
7507806
14189220
13914853
8946115
12209647
11042548
11494427
19859385
9806167
13823730
21237891
3410310
26201539
18650101
15023259
14533441
16687080
8681484
2983351
17893407
16137171
1571294
20084299
3336668
27543128
9275757
6399888
22170572
10388593
21449375
4763393
2670657
4975769
19694683
12707015
25047120
25922757
9334684
29213656
6779860
4803309
10450946
16150523
29220149
4565540
20654874
7049885
9372079
28238151
19575179
5279180
29079802
8616349
18867471
19470191
14051276
29166637
13861474
2401773
28664850
6763637
26734169
26472476
8220522
6755772
27428665
23520850
28100490
20703664
17145783
23339080
204545
28072033
6082313
12392727
1386101
12454149
23608913
13286696
7034978
5652684
15921335
3576472
26662004
1261437
5345343
16194839
12366616
15599620
7999114
4931988
1784229
1246205
24060099
16049515
10307332
3751190
2493094
24628312
12048593
26448097
3686589
12298744
25098985
20032587
19181792
2155717
18948033
19955494
10285295
12398968
1919236
25118893
6293175
2862608
23488971
3566441
22014682
508391
27435153
21034797
13215621
9589858
7643654
2537863
2443113
10381575
27716120
11744527
2664845
6007501
25200296
22319989
5371819
14999406
4315521
7437425
10514834
4297921
14221709
17768724
22047503
9170460
20662458
574327
1925982
1246197
17061290
9976728
1746853
18912223
27076178
2542275
13245535
5498401
6783609
9756073
25300447
11508619
382005
18495581
8258223
529470
14179754
15319275
20651680
20355370
6703717
26871495
15313541
137757
11473105
1200630
17786152
1995749
26830819
9711215
1916685
25303514
26998638
13263361
23205222
4791433
1337661
27264435
16669196
9654327
13419476
20730460
14861108
8408319
27733697
6136171
14287707
5200950
18975210
16167508
5921641
2227156
11835254
24845573
18591538
6835092
27082948
11782333
23138059
9240707
1326398
27970631
5130954
1414261
6816799
3555133
12356811
16049254
26559471
23464399
3530783
13024837
23640672
12731968
24674633
12515449
22962696
2969369
15164330
13633872
26264433
9083764
9411411
9605772
24763332
8143782
10987773
28946671
14774429
2022654
9761799
11655686
20082272
6356396
16296308
10875880
6904083
6861394
483000
26647430
14907112
25011643
20664255
14195070
4028788
21518132
8335350
8593542
23363847
10297124
23865195
22239689
8312227
9337587
18986412
12080496
11769323
17672857
28023783
6039648
14775730
26538214
6158014
11518534
28701148
1599513
9380288
5460189
1788242
24707805
12667318
19234061
3289813
22460547
25715867
13690997
7898382
19284196
23756611
8323405
14516927
1391756
17442921
1682410
9938039
5216155
8475864
19886485
13492775
25071345
23711684
15835923
28550599
24055578
12406141
6020498
7736825
2219017
12438791
7291568
1533196
9701267
5472620
20958808
22753144
15157853
14869794
28024128
27089470
4892787
21053734
28745247
19761354
19361058
21830822
19701455
13575678
10285277
5536864
28310199
9683596
7017120
17760303
12918971
21895627
20971597
13330968
12007850
8077420
1095648
14802671
77403
28772505
20031705
28839208
18590118
8326870
18473849
3293736
4549598
4819859
14378264
14230901
15487111
5132621
15625547
14475165
22631205
18931117
12740336
19927374
25044451
5470544
19796172
3300957
25155213
5189912
10518922
17342612
11426322
7852513
14969315
24587923
13681219
3131946
7330023
9700313
8790462
20301735
9663497
14530621
1915193
25488226
4876611
19693876
28683641
25786143
27302000
2790801
8947322
15445296
11875212
11234275
26734078
15913377
2916107
13392053
25574823
1245889
27987323
16709721
3651464
15107051
1747649
18282241
3492747
17697583
21633599
10705011
13577463
24473216
29345212
21157105
18576742
995562
19541334
15191743
17865812
26780195
16829021
4182467
28167678
21438620
27673015
13621692
26483691
10081842
433884
25971254
7311503
14607800
26529876
17498227
5679884
24520359
6998366
12847285
16382705
23900142
2440165
9840196
17701408
2861508
26595676
19416431
26232621
21534066
9728920
3380715
17241008
10334158
26387107
14519560
6062731
8148786
13117240
10249302
181483
20769904
19693867
15808080
14095561
28670682
858302
20652872
25382490
8909752
5331045
2023013
1630495
20292236
13041428
27939435
2135480
23839114
10178734
4501488
7637637
12376576
13526039
3078775
15024443
6228576
15656240
4807004
16405987
26152512
15135971
4123156
15616939
26546482
20340102
17104662
19759466
1272384
25295386
26060101
20520212
15312373
19433095
25237742
21216166
3891654
26319487
13051669
21709387
16299718
18302221
5771511
535802
7869518
28074686
23543233
942090
1778378
23297062
26864152
26322241
28894973
19213894
1758810
23740934
23979924
14902088
12189138
18801469
5136144
24978520
17181640
23728096
12606393
23739645
19141386
14926785
14848570
4941894
24963443
15799313
24360624
6160923
3470893
19143083
20501918
1513782
7057787
1912871
7125059
4699272
12820025
5639417
25602878
19214010
21351595
21330027
2128625
15291992
10754955
22291633
19674592
6026222
2337438
20027849
6406292
3379869
11053782
15120574
17707717
12979066
21737900
18272547
13015174
16594789
8610366
28925903
3853021
3741782
22423263
17336753
20488545
23698297
25357295
10917528
13164304
20939841
6635975
13268323
17347221
21452920
25491132
14763225
10926666
12608440
10752110
16991829
1602995
7776299
17614641
21344015
29085786
1614028
27390458
5258804
11036365
1528396
1228826
16071904
1553486
652107
472387
1299690
4139606
11083121
13999105
3365998
1565929
21710533
14448846
8930324
28828346
27693917
24677738
23779860
5472546
3656673
9967509
20526792
24027217
5907095
13110696
28519591
23191194
15494818
6892985
28220080
385608
14009466
22150085
3017454
276469
10614572
7827741
21965390
29287807
7898173
8110078
6070513
22467685
10732370
1517359
2673613
6191084
4561971
1892250
10197803
27855562
27215598
9288249
11420849
26468190
26121967
15888205
12500736
12567133
4836116
21536672
9068342
22709673
12853251
1144929
16308773
3545085
2859087
10138702
26454957
13957962
1566346
14468850
7477481
772714
2539948
28671848
89799
14089875
25328886
19729049
15017833
18338998
15944681
8735419
23000978
24915180
7093241
25805252
24825986
26169164
7153532
24881518
20028058
28752758
9161285
24350127
5306915
28829335
20569911
6665434
13735386
13701772
19910519
9315056
11721286
12441458
17869592
654642
14350937
5455247
25112024
19594764
22101780
6704499
10850719
17848709
22370493
17644420
24185440
24058870
15952413
3864802
28525348
5796890
21077135
10311714
28688015
2387611
17323964
8713893
3297385
10219878
15801387
16192058
1683282
10452256
4568823
22680572
20146259
23649048
25084205
17771579
15009154
25293960
28144952
3908963
9378040
9680599
23512472
5353059
8472392
7570657
27532164
11660498
15387347
13390520
3463609
14690172
26414493
26528569
21929990
1749011
28287027
15994364
14950165
13447123
12645534
6998464
19025184
26951580
23833005
20727206
7779168
10800184
16521791
27251984
15332652
29040309
18002615
7082802
2863872
23770145
22563575
19426877
25301730
21457673
22407314
12795242
1918478
1902012
1542998
22434096
9651936
4989895
23714074
14669930
1534361
18382839
4825552
5701572
18607096
26811022
27215931
9909469
13776841
29248126
27574277
22174916
2142843
18551176
11006455
21313819
17356409
10297139
5338876
2480707
16221321
1672616
1936138
2241421
20928903
7235636
12210757
11637088
14585669
4094674
8701577
12854834
5534599
21484140
5157133
5630916
6362366
19598371
27966873
21626840
15022898
21356239
20207094
15446658
21857078
3529412
28227387
9770897
5450246
7042108
2347761
20286230
24863693
1443834
28895688
27837750
8136261
9775492
4093182
19185364
18648818
29125270
25768121
6962083
8940800
18908639
26426971
10254102
26302670
26436041
22283706
7603076
12445622
24913694
22901603
11661428
14066280
25024151
25085415
8098397
4971475
23422466
5713495
16381633
751650
20626569
25330616
18229926
17674451
28862855
5065314
16772479
22696266
10060653
9121595
20469018
13479262
10078456
3561198
18628446
21224629
6793037
8510960
6760425
13202639
27875734
9437603
8822913
29240735
26406446
7552549
169240
24573603
10019982
23697131
24601041
27341968
16502431
16237209
20154770
28866696
9154376
14860875
20646102
26930553
12865750
27003318
14955685
26650540
28912222
13048145
7477930
19627983
16143456
23979438
10794851
9510338
9417348
21608352
992630
28422049
21752047
5182120
24068430
939796
418496
28977849
28318297
14807519
10538840
8505483
279445
6956741
8746591
16111040
8380816
18670114
3032166
24184852
13948098
7665112
7330501
21023089
5836850
10163416
12947627
4136093
10200031
11317890
1368230
5398843
11090664
17421244
17405770
8556786
27723951
3813512
14567332
20657823
16075192
21055974
8529783
11965045
4809904
578012
18890402
27017574
12248111
15381499
26900729
18771729
17490084
16144000
16153511
19625341
382757
23247831
3812673
962577
6642803
22853409
22027184
17463358
26413947
15411982
10394446
21995215
21934498
18131058
12246012
9766295
17920630
649895
2648228
5447325
15569260
5412622
2857961
28379713
18299074
20092914
3387724
4498058
352720
6430958
24452996
26107445
336181
15300267
26921202
13365910
11341798
6802836
18623462
12733316
28690530
15074156
20142618
20348895
25781338
18110280
27249739
19060062
25003559
19884522
11993875
4444183
294709
7568851
24487074
25525431
10135577
22708162
4803604
28642137
15143355
9506926
18669433
8010449
25627014
29268350
25369104
9198127
15097246
29204197
10587612
23488223
8227454
12496852
12908255
5965759
16772905
14056630
1462881
4745344
13166737
4661938
7147119
15703625
4931697
2492866
8207825
20935034
17162534
629776
25780307
14776938
5800188
14110616
8331036
23086185
1437327
28941438
20771620
11407595
20916267
19571173
6264451
10946308
11472128
79666
27773564
2824566
9772797
8595372
13247730
18695187
28200029
20365483
28837602
25590485
58428
17539974
19769265
3677476
26826268
26715600
2902782
14168547
28043305
11008513
21290170
10909239
2327358
16647606
23642833
15202120
28239758
952126
5697639
23036354
8197250
22701065
8710494
2711706
11510918
8851878
4124646
16516929
8533930
27892697
23372250
28839807
28187918
28561030
18786613
9067506
16910822
3647124
27988139
19061288
27949871
18131298
3400794
624819
19380388
16429030
23596939
9662282
3476457
3284772
4982467
15898224
6261290
24250072
28051757
19088669
19351230
16170208
15310680
947826
10439458
10858958
12628792
14216046
307524
20109749
197876
16745998
21128693
11220877
24763091
16484524
19196739
23868544
5774154
6334950
17049771
29019152
14413194
2795063
23274849
12938995
1719864
6186335
7627818
17188167
27893713
24793568
11358884
8959282
8970634
6213816
20998350
100552
26828153
22392569
23128720
13525115
11580891
28457180
5959227
28169040
24104824
11547659
13323950
21581778
5033133
27124556
12294367
6265440
6378751
12192860
12498961
21155951
8285953
1015399
10816347
5982505
3643230
8994061
10868642
16990898
1744161
4801535
23174036
3009321
4324450
28139457
8902357
9931669
23618245
3808884
26416617
12392914
5032986
1130480
25608900
9452691
4021615
20414699
24253887
10058725
10320080
13765742
14490765
24130540
4779523
13073912
10389044
2180594
3621877
27450389
24001608
16174190
9936536
16494010
19762420
2817915
16618476
24643399
27773069
15904343
20849044
4222604
24851923
13399828
18331591
5168086
17297395
23688000
21832550
28008446
21281340
20474523
16911391
8236477
18668563
15199823
20821834
10908724
22375165
20307528
1246247
4481929
8068003
6449925
9735904
22344429
22878715
9560582
18980957
14928882
3188540
20543202
744542
7093074
19036649
12161752
11205282
18962357
27358939
15146783
19864604
14706370
17081009
4966589
6409229
11902499
24038298
14095470
2191246
5991721
4378530
19436615
23797538
28389275
6606198
27636420
96436
6177763
2324077
4771801
25966422
14952250
27059332
36760
3487275
17995821
12511704
19252696
27985293
12403180
27894124
27205239
14447083
14457756
20921162
23004300
12401671
13879162
18713732
13566333
23452485
4659268
9014113
8918538
29168867
16785485
18058233
24653719
5912129
3926308
5069862
18843617
10995184
12725701
3727131
1795204
3831139
20442001
5843390
12511569
18449995
26428980
23366329
27460571
19136
28259190
19477113
3510474
13963733
16890539
16451053
19116918
28224795
24725614
5952320
25923978
2709811
14227728
12397628
10248151
22766087
23297150
2232945
24699255
2122910
11222304
9789057
21997742
22314377
10976414
19395195
28879186
23071018
6710820
17643784
5990124
1015533
2637609
26329699
20520517
25109746
7173592
19877188
1678474
29358294
1024453
10276429
27947976
21876704
25286028
8012047
29042402
27444752
12203075
10397371
617471
16667755
15750224
4100056
9886714
6885499
26665903
7863450
4092743
28173170
22892316
7723643
25575090
7290774
19096615
8251020
7567532
8214438
15053103
6926251
13694301
28084338
20819502
19168458
13114891
19465071
2888448
14411035
8798724
17258101
23267869
20534350
15830642
8689093
945299
7996176
17025468
21112601
7858224
29278268
5942307
17369657
15034057
10794353
13402771
16004189
27509824
22427947
9466498
22974784
23646835
29057466
24116844
13965467
4049692
8397109
22514694
21916460
3094532
5819799
6630893
23456795
8808707
14370974
18058582
6873461
3817039
5929520
23838026
1661569
2195223
13890214
5365705
24842854
12844325
21874535
19125277
23780091
496542
21329724
16106783
22251906
13608474
22995045
6735223
3314491
17816161
5014917
6353597
20346586
7436396
16918119
23810067
18172058
21912001
12622790
22924714
23198510
13076982
19950407
23274300
9255286
5438149
13539579
15298243
9353372
465396
12789268
26623262
18538568
23347774
234970
23023589
3614643
19776941
13691048
2800638
9759361
21457412
26712517
20667046
10523302
21164141
20268481
20622667
11718903
14180039
19339992
15116925
20282542
11203540
24762120
13145836
848969
22510485
9981850
25432638
12221901
8410941
8566870
4298980
27515783
2168128
15298610
2405930
4411674
15929102
23686958
13382468
28403929
13601639
26207911
12843065
26866439
1025234
17557333
14214012
10491680
21763013
17356294
5499207
21056498
25938023
11512648
4494406
22548841
4361550
13731571
23877558
26395887
28084416
9219780
18986829
19542367
517558
25213778
28945564
28581128
24834317
20865336
9062252
14723010
28911209
13377727
17903215
26017798
22877531
12497707
10379888
2361933
12299211
10831262
21811463
26662391
26764008
9233483
1442041
26064970
11820487
28854428
23151176
8034133
26463989
22522281
24830128
17415637
12367547
17851847
14072089
26403004
21823658
2143182
617608
28951248
5057890
8984861
5871850
18236382
28435147
12366834
24303347
20463291
9004970
15440557
9050662
12463097
11399340
15865492
9787894
15817544
14197628
12909361
22384652
26608697
27460140
14879765
14441553
18898153
13457055
22378100
1905473
21749513
16982076
17588156
27259117
3351506
15224792
13670599
21919943
11940310
26949512
15497056
1985277
22121295
26156974
2817601
8694159
8456944
17806902
20481763
15079082
20724569
8322595
24423626
3158016
16316977
3963755
26233361
174932
17272490
3745110
3162494
28768060
19912520
18772705
22901816
7683060
4093607
24453806
7183881
23763979
4769031
6668683
18593362
2796863
4272826
21959208
18092314
16574303
8167839
50582
23592695
20605130
1239982
12400796
4056779
8238156
5453253
23232965
19932170
46726
15883666
16518658
10236483
4103594
22960918
12545993
26431740
25602220
5611527
443151
26940663
19666575
20752747
9325461
10543881
13394693
23672672
14339152
5398494
20681256
6420469
18874033
28476372
22945307
7438021
14024972
17077814
17354913
27610192
6767044
16332235
5891727
24482267
28525111
18128668
2486897
25460122
25731356
5862469
28227004
10565809
10526315
11600676
8471043
8228452
10303259
69205
1555562
17423086
21740503
13893861
19762878
5173140
8941797
8383163
18219480
5088349
876786
9216364
8567633
29109692
27225622
14175018
12612727
15991147
22305078
13724969
18710637
19412205
27120610
18156440
24708398
23993915
24217681
24193249
23600845
3851355
16585613
20034099
9035105
15817321
13067209
9610335
1818979
25243120
9645038
26294266
3893326
23367593
3353147
7223318
28600495
22268783
25970056
12526211
3018620
19499552
13418745
10563538
23864743
6197920
12259791
11941491
25800500
10275473
17166835
3506053
15361940
7789184
23407550
18972358
17846297
14562089
26526364
4641893
7555314
27352030
27745612
2126293
7725436
3492059
2740286
25950454
27854278
1696284
10722347
18952413
3806
11714501
5606912
17590357
14007126
7054521
19038236
28045086
17145774
23780594
5820966
12498079
9861175
11098313
917118
27399501
1529870
10610957
18180922
16428180
4202239
23275626
4911880
1847514
23286497
23286928
5279758
2729022
11387351
10319025
20900321
2539147
4893604
19375415
10512802
11771124
11839001
25379497
1891817
18806231
21767922
25083522
27508795
11413938
17245296
8410872
18980260
20003499
793191
8872688
3999668
21318950
21381771
10892966
13401810
16511319
6426678
10847743
15588505
14082509
12434816
26300514
10625742
7549688
21814917
14812608
14022483
12007789
8481259
21816561
17997771
14604581
13727372
27512271
20987915
6885592
11850334
21273100
23763129
15255433
27278009
6508800
27722519
20361481
18165990
19232700
26189681
6881310
9703836
27283316
10442909
20468838
10787368
26372246
5801431
16152610
22533002
26906530
9851775
20752257
8661043
28941049
19325244
26642418
11776486
437821
2153469
25670693
14097137
10689180
6092063
4371595
28188689
13966886
11059953
8576717
13935618
29033109
28277757
2228050
13773652
18057135
5937741
18831056
11887395
13339823
17770890
9158050
9750104
8698851
24242918
16186253
13313628
21531635
10977536
3255875
17054168
25477736
11174333
25598215
8471036
8583598
12050223
18028409
13666790
23358467
12646150
26213699
26975595
9546603
29069911
17938178
7092546
11497516
11971429
26674340
19170446
6421025
21027862
25019522
26241639
22757134
10325272
21241542
5927409
2987129
7601054
11063702
17742507
2981895
13049945
26315585
22861137
22745601
13151973
21552899
20760604
18010104
9777514
14701489
19674912
4385010
12766216
4173721
23340058
12857493
21368622
1365060
6033488
21565879
26563380
9242912
3448490
18539309
18398720
1606512
4464212
10171791
20592595
17552628
2414860
16348443
7440829
19714298
11053340
12972294
19232209
22601801
23874639
17465443
8797629
4652101
15449702
14114207
8771607
21821185
12429275
1992917
28735554
27926472
11561406
362232
16366899
18924072
21370059
7619004
11414428
11108244
10473083
8901282
8852214
6539681
15233104
28744671
27172984
13182268
14489064
20668745
25124291
8432420
8817408
8447563
23140247
26497971
4435178
13770907
959796
13663138
3947128
7407044
648642
1805823
26172876
24303399
7674535
15434258
25807404
17024587
23759810
24028777
15471908
10633369
3899626
19553683
3020563
13024614
20545703
29071748
23789945
23162201
12388913
24719182
15982729
14414859
8185403
5678265
21381308
24744979
20072324
1520408
22916638
6603714
4351842
3835119
3350698
17290179
22828284
23235242
16831402
26704537
4833155
20729567
13648622
9911771
2941685
7250095
9550648
25824321
8901869
271030
3721811
24269838
8775409
59107
4361479
12087348
19427692
13951214
6699934
7161591
1616655
14165778
13556158
20515289
12874630
8386243
5674599
1422386
22650299
18355273
25903100
25691875
4139038
20309459
12204075
22924429
28096214
6906069
17455594
26751817
24117254
15554459
8282007
18417580
27536417
4017393
7620909
8818116
13663161
24529929
26427986
18980967
22732085
7308851
27829421
28338995
11016723
2997682
21780123
4377786
464266
15252836
7404505
27571234
23008962
14224548
28733594
15858390
16776548
27217680
26071586
12551123
10887702
20297143
21784521
22816043
923837
18522104
9604541
11618989
12034687
27993458
19379757
13835059
16785983
25855727
18643401
21080163
3891236
26600872
15025405
11974120
13401325
15787345
26757162
27136346
9382661
2513169
2179698
12582121
23195492
8863456
4313783
8065009
5306058
21257442
27944023
28608774
12835177
11979689
246006
7358698
5953128
10441658
20693683
12035166
6427638
20155977
8972908
2597947
11377004
7041840
18375676
4433392
2640370
25554742
19876245
26888541
24656310
22573870
21376792
14299510
14805638
27946055
21096493
13317827
16202998
2111449
27587582
6553341
18950630
29305515
12978105
25777897
7795587
16124212
7005840
441272
28899815
4753841
25157665
13614634
7616301
24309578
9109443
10635210
21159909
12274399
2858090
6823184
4184588
19566614
26387088
14538540
15610199
320433
1212775
9776381
16700086
16100569
19639828
21086458
15305327
11222714
20887578
29038338
13445292
3257370
14728828
6196973
26659979
20822360
22564289
20181705
4764596
2644657
9540918
11981877
11286686
12840065
27609250
2177034
9176582
19255600
10068596
17397695
502374
4165574
25572185
27949531
9016087
546833
28583476
27772459
17649379
8969650
12453589
10943383
29297422
28322970
14767402
27987548
11654500
1538636
26535826
5248696
1959738
28934378
11061659
21150724
26008480
14830729
16481574
12847698
27147477
11071381
19052703
14092016
316090
23335443
17510086
10722574
7216449
745948
839565
20333492
24655761
2801402
28384761
16112438
21791393
13536119
2477800
14813426
3567423
9833970
20070981
27041638
9996625
13633570
28092968
2459071
8082788
6245360
11207867
13650776
6568162
19701037
25772507
19684649
13081257
15265552
3699788
15720075
17604322
27621697
19065450
25715116
25990454
9109526
7806312
1278851
23077088
3885580
25648019
21781934
4086136
8851523
21859621
11519477
28451811
12712167
11849517
7170070
23594525
27524703
18716346
20514627
25636696
19495164
2130798
505435
1391994
1281096
17456289
23820140
229845
8824556
27633569
9953465
12038503
20038858
3147267
4583402
20362685
4657097
6749710
10250423
27268824
22586921
19648140
17156922
6845588
6917887
15926410
18689534
5256847
16249952
2489023
3878505
17137718
10719841
20871730
1475755
11036991
875152
15074133
19084541
15814464
26828377
3254042
26366821
11560149
28826753
23727497
11899054
4082156
10403973
10479666
