71616
83942
85186
85872
214657
314074
323461
363052
406701
427007
438273
445958
463881
496127
501875
512843
520399
558210
564228
569766
571023
581516
589392
637437
647881
665675
758247
780287
838114
872490
872491
970990
991535
1036443
1167931
1195132
1215448
1241098
1297641
1335461
1351673
1404208
1424410
1468429
1476449
1483487
1577050
1605619
1612815
1621740
1656742
1662623
1672944
1672990
1679514
1681621
1683458
1706804
1748529
1752235
1766062
1772462
1774159
1780961
1781863
1797525
1912131
1914371
1914375
1934862
1934866
1956499
1981783
1988422
2042654
2045759
2049250
2051716
2058471
2065699
2065700
2066050
2069371
2071262
2091623
2099431
2106407
2107985
2112643
2114955
2122025
2122422
2171446
2177401
2200264
2253583
2271748
2285293
2311339
2338118
2352608
2353062
2357862
2360879
2396245
2450251
2492043
2496251
2501937
2506806
2510372
2527534
2565585
2580171
2580172
2589383
2612087
2613389
2663579
2666453
2673623
2686430
2714732
2729942
2735334
2764304
2767766
2794993
2795213
2821081
2875358
2876719
2880045
2901653
2913801
2914409
2929629
2938522
2985676
3014110
3038451
3038494
3040815
3053579
3085485
3100311
3110450
3116961
3121288
3127188
3189445
3220610
3228106
3243931
3259827
3278460
3283290
3338980
3356120
3366169
3372933
3389610
3392235
3414579
3460737
3475034
3480885
3481318
3499163
3517081
3525654
3541503
3565796
3665325
3682151
3693341
3693584
3720177
3734141
3778707
3790404
3807390
3824426
3838321
3838971
3877043
3910768
3948402
3988971
3998202
3998343
4000229
4003328
4005122
4006379
4014747
4029248
4042520
4064930
4099618
4909796
4964450
4967225
5104893
5132558
5304704
5676383
5897315
5948152
6034391
6091711
6097665
6112560
6113376
6116064
6124334
6129542
6130074
6133016
6142202
6149298
6236021
6242951
6282000
6285814
6322675
6327318
6374311
6389377
6394124
6419147
6421377
6437219
6438282
6486489
6486994
6522416
6612697
6614033
6626418
6662173
6678751
6688049
6688407
6692645
6723218
6734044
6734698
6741669
6786635
6794970
6803191
6806502
6807440
6821036
6834589
6843604
6882312
6883912
6926836
6956293
7040498
7053307
7076627
7098543
7104169
7105982
7118763
7174567
7188722
7197483
7197984
7212893
7237895
7270565
7274023
7308273
7312071
7343191
7359014
7371698
7383081
7406391
7454487
7486898
7551902
7582380
7589032
7619679
7628179
7640830
7648762
7677856
7697949
7715468
7742162
7748990
7768070
7811026
7856583
7859239
7875189
7881701
7955811
7962690
7967987
7972311
7979646
7990219
8004359
8039534
8049637
8061850
8064267
8073064
8148213
8200332
8218972
8275614
8364261
8365689
8388198
8390020
8391300
8395986
8453178
8513655
8521677
8527268
8540731
8549357
8549360
8554942
8562295
8601555
8602393
8607732
8612381
8617704
8631189
8642453
8649594
8689808
8693526
8728348
8735685
8739026
8751023
8787869
8813897
8830073
8851570
8866042
8869767
8881693
8911887
8925804
8926537
8929750
8947977
8961058
8971132
8988067
9002010
9075501
9091822
9114910
9129557
9147710
9153347
9159606
9174684
9217843
9218932
9220063
9234037
9248771
9315022
9357093
9385040
9399621
9414309
9431825
9469677
9518947
9545149
9555149
9562133
9562227
9566982
9578182
9585793
9591935
9604823
9609412
9620100
9620116
9625273
9633781
9660036
9696960
9706183
9738088
9757152
9768962
9793589
9793622
9800751
9807978
9818297
9834039
9840238
9871430
9882081
9924842
10030529
10073324
10082701
10086430
10096255
10096258
10102468
10192596
10217316
10220126
10243361
10332534
10350016
10365642
10375176
10423213
10440622
10456490
10456492
10460065
10460103
10471985
10510161
10533874
10546917
10546919
10546925
10556183
10568341
10578942
10583025
10594487
10606838
10610011
10615351
10636361
10638471
10681341
10683008
10702883
10706847
10740993
10741622
10759694
10852634
10872652
10878206
10893655
10930711
10945313
10968409
11002387
11009051
11049012
11061578
11069440
11073292
11079273
11103749
11108077
11117974
11144706
11161079
11161541
11180019
11180020
11180034
11185412
11194535
11203429
11206893
11214770
11214778
11231102
11257244
11269572
11276296
11310527
11322025
11327742
11347624
11352440
11356998
11361052
11365266
11376916
11410431
11426073
11454132
11474706
11477318
11481175
11501187
11524501
11554427
11558205
11570073
11673746
11675844
11693229
11718495
11728055
11728770
11740713
11745911
11753267
11762562
11763808
11791889
11797495
11823753
11823754
11871046
11906584
11936572
11953006
11956673
11959616
11966676
12014354
12040751
12087344
12187697
12362932
12391711
12393786
12394419
12404692
12451428
12452752
12463728
12472986
12482227
12495014
12503845
12520633
12545142
12554137
12580002
12580992
12580993
12589390
12618710
12621384
12636154
12649774
12672771
12677367
12680887
12695337
12757117
12773074
12782911
12811362
12818420
12825970
12845387
12891227
12906366
12908854
12915954
12921244
12940502
12942422
12959294
12971031
13309332
13358299
13359661
13811223
13855374
14088308
14100187
14132623
14172385
14214493
14254960
14280527
14498173
14567065
14595580
14612100
14616409
14616429
14629295
14653226
14663456
14684645
14713367
14717783
14725610
14742762
14749695
14765835
14981197
15001969
15001970
15025743
15025748
15060505
15060508
15089812
15098799
15121490
15151167
15169710
15176651
15179409
15186565
15206993
15223879
15229464
15231565
15238367
15292490
15307118
15329598
15344253
15372129
15449760
15470332
15506876
15521566
15521893
15536458
15581264
15592321
15592332
15608563
15635366
15655860
15673597
15735611
15735617
15801937
15856409
15886802
15900287
15900292
15901751
15903127
15983823
16062162
16100300
16116693
16120075
16122283
16133554
16203421
16221754
16236039
16261361
16305592
16388930
16412477
16413247
16416305
16428919
16484565
16541194
16636327
16704760
16772772
16923466
16941417
17016323
17018502
17062300
17079360
17089110
17546822
17641611
18226589
20238900
20301621
21010059
21090491
22282124
25032445
8347123
12098842
14255341
3677487
