50744
107109
126462
277866
312574
359756
542953
551433
782878
854146
854894
861372
874739
887501
910334
979929
1028567
1042045
1050334
1087895
1172934
1208208
1286864
1340559
1348617
1383614
1387866
1500782
1566281
1566439
1628919
1675562
1683736
1688528
1699376
1719606
1759260
1855146
1919217
1940822
1944770
1991455
2027841
2087175
2144198
2146751
2245880
2298110
2382223
2389102
2400464
2431212
2513035
2517977
2525513
2545807
2631092
2634381
2641125
2669363
2713640
2746257
2752621
2776825
2779798
2785067
2785671
2824818
2876208
2931628
2945504
2959128
2964408
3040967
3065720
3067639
3068235
3173273
3295885
3311551
3311875
3325935
3357805
3375539
3403763
3411017
3434851
3487323
3542437
3579245
3624925
3695072
3702889
3713691
3723237
3750508
3769282
3828111
3844953
3938053
3961383
3983640
4070491
4088437
4129105
4140994
4150358
4171251
4257090
4260678
4262045
4269965
4284670
4291952
4315313
4352611
4364218
4394590
4394732
4395024
4414161
4442112
4447559
4494581
4529566
4570309
4573776
4588032
4595138
4614139
4641921
4714942
4768922
4839770
4844977
4850269
4875696
4879966
4968280
5038789
5099655
5137183
5141712
5156975
5252566
5253355
5289769
5356527
5473946
5500059
5528782
5556413
5678041
5725388
5751991
5778377
5791785
5835507
5842121
5857829
5902262
5910147
6057062
6107305
6170228
6247703
6347556
6403987
6458675
6494166
6521640
6540011
6558102
6562735
6628133
6640022
6666329
6717949
6742273
6779725
6838419
6870232
6894490
6920664
6950236
6953748
6966653
6997373
6997498
7056434
7100088
7226377
7227562
7317417
7370691
7389555
7395669
7465715
7496984
7517968
7529939
7613324
7659885
7681825
7723203
7738769
7782360
7786889
7821671
7830963
7858485
7875042
7938884
7957632
7978622
7981871
8087997
8098938
8132307
8137243
8147465
8152261
8181163
8196770
8197198
8230741
8354984
8414583
8584373
8640689
8689781
8722734
8750963
8758648
8809745
8866715
8871321
8898885
8923115
8944267
8947794
8957361
9081214
9087827
9091688
9145837
9329494
9384289
9420368
9430964
9455082
9497822
9514180
9547400
9554273
9779751
9863721
9884166
10027788
10028266
10075687
10119673
10147378
10155294
10216702
10230790
10237834
10294363
10303073
10372981
10412252
10455743
10468144
10480265
10511264
10523675
10710787
10727975
10758727
10773839
10809114
10823765
10828161
10828368
10838029
10866009
10887158
10925163
10950276
11054697
11113317
11143273
11164971
11201713
11301011
11310144
11377528
11417373
11421429
11423505
11472946
11474659
11578577
11633473
11734381
11736959
11747243
11752550
11774303
11828571
11976749
12010232
12091535
12125937
12144607
12179874
12187623
12238352
12270276
12296936
12344583
12357058
12412776
12428178
12449503
12471373
12475676
12508683
12585687
12608877
12609678
12621386
12621932
12894365
13018308
13092428
13114402
13156356
13258207
13272544
13276901
13378610
13443480
13447434
13581358
13633878
13671048
13677389
13678732
13681887
13714884
13811124
13816294
13834489
13854486
13892450
13929291
13955705
13960035
13982540
13985971
14007284
14109573
14111735
14141164
14180304
14201131
14339445
14352868
14375959
14400938
14407018
14586803
14600576
14686448
14692263
14798746
14857137
14870720
14874234
14878920
14910652
14931520
14944314
14953898
14968352
14979492
15008452
15021151
15053250
15139812
15153052
15166645
15174385
15220748
15373281
15436006
15466745
15491954
15576470
15613362
15685403
15714841
15777760
15795508
15814845
15938462
15969122
16001124
16018850
16036485
16137736
16184738
16358333
16377962
16380861
16410154
16435304
16480718
16485147
16530359
16562680
16580380
16601765
16620213
16635045
16637456
16697183
16699768
16786329
16788541
16850757
16873258
16882530
16939708
16944017
16962988
16967185
16987602
17007917
17020004
17069129
17114663
17119615
17125184
17259121
17283772
17304838
17326069
17340932
17412484
17435174
17447627
17471658
17509630
17534034
17550109
17626177
17662904
17694420
17713361
17898410
17954924
17980106
18035595
18133874
18172762
18233416
18240890
18280774
18284937
18306661
18337113
18343744
18346902
18357547
18451377
18503369
18524160
18541244
18562948
18681281
18685766
18810239
18856011
18861416
18883228
19049982
19083656
19099786
19102746
19183487
19198656
19330794
19342786
19393539
19439260
19459392
19463506
19465355
19502629
19507347
19524494
19532018
19573000
19575623
19587079
19661398
19735853
19795647
19815082
19860219
19886653
19903720
20074070
20092430
20143521
20184866
20208423
20222907
20259856
20343045
20394493
20538676
20614462
20614842
20627289
20646083
20704082
20828513
20830584
20919816
20926905
20932259
20955594
20971418
20989632
21005960
21029871
21157134
21172394
21196665
21196999
21286716
21410793
21424955
21563860
21627053
21700665
21703382
21737599
21751859
21763481
21792723
21817197
21838480
21898441
21943944
21963012
22101452
22209691
22296161
22336153
22340623
22351521
22361251
22462206
22472606
22615822
22633801
22669911
22672074
22680621
22824226
22828313
22922815
22939747
22947108
22958137
22975983
23015048
23033691
23065158
23142262
23156317
23170886
23219856
23248191
23325280
23368978
23397418
23413702
23497953
23526651
23577553
23582387
23593814
23656419
23691730
23749920
23769162
23828458
23878317
23907619
23958561
24066743
24077188
24108533
24210456
24239713
24261124
24298168
24394297
24469501
24498949
24651080
24761717
24781458
24793446
24799657
24892065
24897984
24898297
24902432
24928207
25003606
25034477
25037112
25064746
25096387
25162667
25260050
25267262
25339491
25391580
25436908
25454939
25474920
25503120
25511378
25512257
25523213
25529662
25550489
25640977
25667385
25676498
25686732
25714134
25752884
25866313
25882002
25887968
25895024
25895608
25925458
25957658
25986068
26053050
26129627
26298449
26362447
26376367
26408035
26409128
26445269
26453414
26492932
26537585
26538385
26693397
26792561
26860998
26897061
26912887
26971710
26973336
26996171
27039629
27142153
27339219
27438605
27439394
27573800
27581845
27584837
27657720
27776493
27814887
27926580
27937000
27987728
28107702
28522187
28544906
28704156
28777559
29170132
